D: [0.0, 0.1590431280879833, 0.1590431280879833, 0.1590431280879833]
K: [0.0, 3.7110063220529437, 3.7110063220529437, 3.7110063220529437]
